
=========== Iteration 1 ===========
x0 = 
-1.0000e+00
 1.0000e+00
 1.0000e+00
 0.0000e+00
 1.0000e+00
 1.0000e+00
 1.0000e+00
 1.0000e+00
 1.0000e+00
 2.0000e+00
 1.0000e+00
 1.0000e+00
 3.0000e+00
 1.0000e+00
 1.0000e+00

y0 =  4.6416e+00
grad =
 9.8810e-01
-1.9232e+00
-5.6674e-01
 2.8804e+00
 2.9324e+00
 6.2820e-01
-2.8897e+00
 6.8091e-01
 1.5126e+00
 1.2713e-01
 4.9747e-01
-4.8516e-01
 1.9680e-01
-3.9973e-01
-5.4249e-02

||grad|| =  5.8385e+00
inverse hessian B =
 1.0000e+00  0.0000e+00  0.0000e+00  0.0000e+00  0.0000e+00  0.0000e+00  0.0000e+00  0.0000e+00  0.0000e+00  0.0000e+00  0.0000e+00  0.0000e+00  0.0000e+00  0.0000e+00  0.0000e+00 
 0.0000e+00  1.0000e+00  0.0000e+00  0.0000e+00  0.0000e+00  0.0000e+00  0.0000e+00  0.0000e+00  0.0000e+00  0.0000e+00  0.0000e+00  0.0000e+00  0.0000e+00  0.0000e+00  0.0000e+00 
 0.0000e+00  0.0000e+00  1.0000e+00  0.0000e+00  0.0000e+00  0.0000e+00  0.0000e+00  0.0000e+00  0.0000e+00  0.0000e+00  0.0000e+00  0.0000e+00  0.0000e+00  0.0000e+00  0.0000e+00 
 0.0000e+00  0.0000e+00  0.0000e+00  1.0000e+00  0.0000e+00  0.0000e+00  0.0000e+00  0.0000e+00  0.0000e+00  0.0000e+00  0.0000e+00  0.0000e+00  0.0000e+00  0.0000e+00  0.0000e+00 
 0.0000e+00  0.0000e+00  0.0000e+00  0.0000e+00  1.0000e+00  0.0000e+00  0.0000e+00  0.0000e+00  0.0000e+00  0.0000e+00  0.0000e+00  0.0000e+00  0.0000e+00  0.0000e+00  0.0000e+00 
 0.0000e+00  0.0000e+00  0.0000e+00  0.0000e+00  0.0000e+00  1.0000e+00  0.0000e+00  0.0000e+00  0.0000e+00  0.0000e+00  0.0000e+00  0.0000e+00  0.0000e+00  0.0000e+00  0.0000e+00 
 0.0000e+00  0.0000e+00  0.0000e+00  0.0000e+00  0.0000e+00  0.0000e+00  1.0000e+00  0.0000e+00  0.0000e+00  0.0000e+00  0.0000e+00  0.0000e+00  0.0000e+00  0.0000e+00  0.0000e+00 
 0.0000e+00  0.0000e+00  0.0000e+00  0.0000e+00  0.0000e+00  0.0000e+00  0.0000e+00  1.0000e+00  0.0000e+00  0.0000e+00  0.0000e+00  0.0000e+00  0.0000e+00  0.0000e+00  0.0000e+00 
 0.0000e+00  0.0000e+00  0.0000e+00  0.0000e+00  0.0000e+00  0.0000e+00  0.0000e+00  0.0000e+00  1.0000e+00  0.0000e+00  0.0000e+00  0.0000e+00  0.0000e+00  0.0000e+00  0.0000e+00 
 0.0000e+00  0.0000e+00  0.0000e+00  0.0000e+00  0.0000e+00  0.0000e+00  0.0000e+00  0.0000e+00  0.0000e+00  1.0000e+00  0.0000e+00  0.0000e+00  0.0000e+00  0.0000e+00  0.0000e+00 
 0.0000e+00  0.0000e+00  0.0000e+00  0.0000e+00  0.0000e+00  0.0000e+00  0.0000e+00  0.0000e+00  0.0000e+00  0.0000e+00  1.0000e+00  0.0000e+00  0.0000e+00  0.0000e+00  0.0000e+00 
 0.0000e+00  0.0000e+00  0.0000e+00  0.0000e+00  0.0000e+00  0.0000e+00  0.0000e+00  0.0000e+00  0.0000e+00  0.0000e+00  0.0000e+00  1.0000e+00  0.0000e+00  0.0000e+00  0.0000e+00 
 0.0000e+00  0.0000e+00  0.0000e+00  0.0000e+00  0.0000e+00  0.0000e+00  0.0000e+00  0.0000e+00  0.0000e+00  0.0000e+00  0.0000e+00  0.0000e+00  1.0000e+00  0.0000e+00  0.0000e+00 
 0.0000e+00  0.0000e+00  0.0000e+00  0.0000e+00  0.0000e+00  0.0000e+00  0.0000e+00  0.0000e+00  0.0000e+00  0.0000e+00  0.0000e+00  0.0000e+00  0.0000e+00  1.0000e+00  0.0000e+00 
 0.0000e+00  0.0000e+00  0.0000e+00  0.0000e+00  0.0000e+00  0.0000e+00  0.0000e+00  0.0000e+00  0.0000e+00  0.0000e+00  0.0000e+00  0.0000e+00  0.0000e+00  0.0000e+00  1.0000e+00 

newton step dx = -B*grad
-9.8810e-01
 1.9232e+00
 5.6674e-01
-2.8804e+00
-2.9324e+00
-6.2820e-01
 2.8897e+00
-6.8091e-01
-1.5126e+00
-1.2713e-01
-4.9747e-01
 4.8516e-01
-1.9680e-01
 3.9973e-01
 5.4249e-02

****** Starting line search ******
xnew = x0 + 1.0000e+00*dx = 
-1.9881e+00
 2.9232e+00
 1.5667e+00
-2.8804e+00
-1.9324e+00
 3.7180e-01
 3.8897e+00
 3.1909e-01
-5.1256e-01
 1.8729e+00
 5.0253e-01
 1.4852e+00
 2.8032e+00
 1.3997e+00
 1.0542e+00

ynew           =  8.3356e+00
y0 + 0.01*dxtG =  4.3007e+00

xnew = x0 + 5.0000e-01*dx = 
-1.4940e+00
 1.9616e+00
 1.2834e+00
-1.4402e+00
-4.6620e-01
 6.8590e-01
 2.4448e+00
 6.5955e-01
 2.4372e-01
 1.9364e+00
 7.5126e-01
 1.2426e+00
 2.9016e+00
 1.1999e+00
 1.0271e+00

ynew           =  6.7760e+00
y0 + 0.01*dxtG =  4.4712e+00

xnew = x0 + 2.5000e-01*dx = 
-1.2470e+00
 1.4808e+00
 1.1417e+00
-7.2009e-01
 2.6690e-01
 8.4295e-01
 1.7224e+00
 8.2977e-01
 6.2186e-01
 1.9682e+00
 8.7563e-01
 1.1213e+00
 2.9508e+00
 1.0999e+00
 1.0136e+00

ynew           =  8.2150e+00
y0 + 0.01*dxtG =  4.5564e+00

xnew = x0 + 1.2500e-01*dx = 
-1.1235e+00
 1.2404e+00
 1.0708e+00
-3.6005e-01
 6.3345e-01
 9.2147e-01
 1.3612e+00
 9.1489e-01
 8.1093e-01
 1.9841e+00
 9.3782e-01
 1.0606e+00
 2.9754e+00
 1.0500e+00
 1.0068e+00

ynew           =  5.0085e+00
y0 + 0.01*dxtG =  4.5990e+00

xnew = x0 + 6.2500e-02*dx = 
-1.0618e+00
 1.1202e+00
 1.0354e+00
-1.8002e-01
 8.1672e-01
 9.6074e-01
 1.1806e+00
 9.5744e-01
 9.0547e-01
 1.9921e+00
 9.6891e-01
 1.0303e+00
 2.9877e+00
 1.0250e+00
 1.0034e+00

ynew           =  3.5246e+00
y0 + 0.01*dxtG =  4.6203e+00

Armijo condition satified!
******   Line search done   ******

ut*y = -6.8151e+01
I have updated B!

=========== Iteration 2 ===========
x0 = 
-1.0618e+00
 1.1202e+00
 1.0354e+00
-1.8002e-01
 8.1672e-01
 9.6074e-01
 1.1806e+00
 9.5744e-01
 9.0547e-01
 1.9921e+00
 9.6891e-01
 1.0303e+00
 2.9877e+00
 1.0250e+00
 1.0034e+00

y0 =  3.5246e+00
grad =
 9.0976e-01
-8.9115e-01
 1.1915e+00
-4.2300e+00
 3.1962e+00
-6.9991e-01
 1.2020e-02
-9.1795e-01
-1.8931e-02
 9.1424e-02
-4.0372e-03
-1.0343e-01
 4.0440e-02
-8.3854e-02
-1.0798e-02

||grad|| =  5.7019e+00
inverse hessian B =
 1.0000e+00  2.2188e-04  4.1922e-04 -1.6863e-03  1.0879e-04 -3.1361e-04  6.6211e-04 -3.7869e-04 -3.4965e-04 -6.7559e-06 -1.1447e-04  8.5507e-05 -3.5053e-05  7.0781e-05  9.7477e-06 
 2.2188e-04  9.8780e-01 -2.3052e-02  9.2728e-02 -5.9819e-03  1.7245e-02 -3.6408e-02  2.0823e-02  1.9226e-02  3.7149e-04  6.2942e-03 -4.7018e-03  1.9275e-03 -3.8921e-03 -5.3600e-04 
 4.1922e-04 -2.3052e-02  9.5645e-01  1.7520e-01 -1.1302e-02  3.2582e-02 -6.8789e-02  3.9344e-02  3.6326e-02  7.0190e-04  1.1892e-02 -8.8837e-03  3.6418e-03 -7.3537e-03 -1.0127e-03 
-1.6863e-03  9.2728e-02  1.7520e-01  2.9524e-01  4.5465e-02 -1.3107e-01  2.7671e-01 -1.5826e-01 -1.4613e-01 -2.8234e-03 -4.7838e-02  3.5735e-02 -1.4649e-02  2.9581e-02  4.0738e-03 
 1.0879e-04 -5.9819e-03 -1.1302e-02  4.5465e-02  9.9707e-01  8.4551e-03 -1.7851e-02  1.0210e-02  9.4267e-03  1.8214e-04  3.0860e-03 -2.3053e-03  9.4503e-04 -1.9083e-03 -2.6280e-04 
-3.1361e-04  1.7245e-02  3.2582e-02 -1.3107e-01  8.4551e-03  9.7563e-01  5.1460e-02 -2.9432e-02 -2.7175e-02 -5.2508e-04 -8.8964e-03  6.6457e-03 -2.7243e-03  5.5012e-03  7.5761e-04 
 6.6211e-04 -3.6408e-02 -6.8789e-02  2.7671e-01 -1.7851e-02  5.1460e-02  8.9136e-01  6.2139e-02  5.7374e-02  1.1086e-03  1.8782e-02 -1.4031e-02  5.7517e-03 -1.1614e-02 -1.5995e-03 
-3.7869e-04  2.0823e-02  3.9344e-02 -1.5826e-01  1.0210e-02 -2.9432e-02  6.2139e-02  9.6446e-01 -3.2815e-02 -6.3404e-04 -1.0743e-02  8.0248e-03 -3.2897e-03  6.6428e-03  9.1482e-04 
-3.4965e-04  1.9226e-02  3.6326e-02 -1.4613e-01  9.4267e-03 -2.7175e-02  5.7374e-02 -3.2815e-02  9.6970e-01 -5.8542e-04 -9.9187e-03  7.4094e-03 -3.0374e-03  6.1334e-03  8.4467e-04 
-6.7559e-06  3.7149e-04  7.0190e-04 -2.8234e-03  1.8214e-04 -5.2508e-04  1.1086e-03 -6.3404e-04 -5.8542e-04  9.9999e-01 -1.9165e-04  1.4316e-04 -5.8688e-05  1.1851e-04  1.6321e-05 
-1.1447e-04  6.2942e-03  1.1892e-02 -4.7838e-02  3.0860e-03 -8.8964e-03  1.8782e-02 -1.0743e-02 -9.9187e-03 -1.9165e-04  9.9675e-01  2.4256e-03 -9.9436e-04  2.0079e-03  2.7652e-04 
 8.5507e-05 -4.7018e-03 -8.8837e-03  3.5735e-02 -2.3053e-03  6.6457e-03 -1.4031e-02  8.0248e-03  7.4094e-03  1.4316e-04  2.4256e-03  9.9819e-01  7.4280e-04 -1.4999e-03 -2.0656e-04 
-3.5053e-05  1.9275e-03  3.6418e-03 -1.4649e-02  9.4503e-04 -2.7243e-03  5.7517e-03 -3.2897e-03 -3.0374e-03 -5.8688e-05 -9.9436e-04  7.4280e-04  9.9970e-01  6.1487e-04  8.4678e-05 
 7.0781e-05 -3.8921e-03 -7.3537e-03  2.9581e-02 -1.9083e-03  5.5012e-03 -1.1614e-02  6.6428e-03  6.1334e-03  1.1851e-04  2.0079e-03 -1.4999e-03  6.1487e-04  9.9876e-01 -1.7099e-04 
 9.7477e-06 -5.3600e-04 -1.0127e-03  4.0738e-03 -2.6280e-04  7.5761e-04 -1.5995e-03  9.1482e-04  8.4467e-04  1.6321e-05  2.7652e-04 -2.0656e-04  8.4678e-05 -1.7099e-04  9.9998e-01 

newton step dx = -B*grad
-9.1810e-01
 1.3500e+00
-3.2462e-01
 7.4274e-01
-2.9712e+00
 5.1375e-02
 1.3572e+00
 1.3484e-01
-7.0413e-01
-1.0539e-01
-2.3267e-01
 2.8025e-01
-1.1293e-01
 2.3023e-01
 3.0956e-02

****** Starting line search ******
xnew = x0 + 1.0000e+00*dx = 
-1.9799e+00
 2.4702e+00
 7.1080e-01
 5.6271e-01
-2.1545e+00
 1.0121e+00
 2.5378e+00
 1.0923e+00
 2.0134e-01
 1.8867e+00
 7.3624e-01
 1.3106e+00
 2.8748e+00
 1.2552e+00
 1.0343e+00

ynew           =  8.6657e+00
y0 + 0.01*dxtG =  3.3721e+00

xnew = x0 + 5.0000e-01*dx = 
-1.5208e+00
 1.7952e+00
 8.7311e-01
 1.9135e-01
-6.6890e-01
 9.8642e-01
 1.8592e+00
 1.0249e+00
 5.5340e-01
 1.9394e+00
 8.5257e-01
 1.1704e+00
 2.9312e+00
 1.1401e+00
 1.0189e+00

ynew           =  1.0144e+01
y0 + 0.01*dxtG =  3.4483e+00

xnew = x0 + 2.5000e-01*dx = 
-1.2913e+00
 1.4577e+00
 9.5427e-01
 5.6613e-03
 7.3913e-02
 9.7358e-01
 1.5199e+00
 9.9115e-01
 7.2943e-01
 1.9657e+00
 9.1074e-01
 1.1004e+00
 2.9595e+00
 1.0825e+00
 1.0111e+00

ynew           =  5.3361e+00
y0 + 0.01*dxtG =  3.4865e+00

xnew = x0 + 1.2500e-01*dx = 
-1.1765e+00
 1.2889e+00
 9.9484e-01
-8.7181e-02
 4.4532e-01
 9.6716e-01
 1.3503e+00
 9.7430e-01
 8.1745e-01
 1.9789e+00
 9.3982e-01
 1.0654e+00
 2.9736e+00
 1.0538e+00
 1.0073e+00

ynew           =  1.9183e+00
y0 + 0.01*dxtG =  3.5055e+00

Armijo condition satified!
******   Line search done   ******

ut*y = -3.0948e+01
I have updated B!

=========== Iteration 3 ===========
x0 = 
-1.1765e+00
 1.2889e+00
 9.9484e-01
-8.7181e-02
 4.4532e-01
 9.6716e-01
 1.3503e+00
 9.7430e-01
 8.1745e-01
 1.9789e+00
 9.3982e-01
 1.0654e+00
 2.9736e+00
 1.0538e+00
 1.0073e+00

y0 =  1.9183e+00
grad =
-1.2878e+00
-1.4940e+00
 1.1377e+00
-9.8127e-01
-9.1857e-01
-2.7257e+00
 5.7776e-01
-8.3956e-01
 6.4822e-01
-8.1017e-01
 1.0718e+00
 4.4127e-01
-1.8495e-01
 3.6807e-01
 5.6598e-02

||grad|| =  4.2488e+00
inverse hessian B =
 8.5910e-01 -3.1968e-02  3.7078e-02  6.0205e-02 -2.4273e-01 -1.6552e-01  8.6695e-02 -3.0147e-02  1.9286e-02 -6.0557e-02  6.4188e-02  4.2134e-02 -1.7431e-02  3.4963e-02  5.1693e-03 
-3.1968e-02  9.8045e-01 -1.4677e-02  1.0687e-01 -6.1461e-02 -2.0499e-02 -1.6753e-02  1.4022e-02  2.3712e-02 -1.3462e-02  2.0985e-02  4.9046e-03 -2.0468e-03  4.0793e-03  6.4275e-04 
 3.7078e-02 -1.4677e-02  9.4691e-01  1.5910e-01  5.1878e-02  7.5566e-02 -9.1173e-02  4.7088e-02  3.1218e-02  1.6456e-02 -4.8375e-03 -1.9824e-02  8.1676e-03 -1.6432e-02 -2.3551e-03 
 6.0205e-02  1.0687e-01  1.5910e-01  2.6805e-01  1.5213e-01 -5.8494e-02  2.3892e-01 -1.4519e-01 -1.5475e-01  2.3774e-02 -7.6083e-02  1.7265e-02 -7.0080e-03  1.4254e-02  1.8074e-03 
-2.4273e-01 -6.1461e-02  5.1878e-02  1.5213e-01  5.7854e-01 -2.7628e-01  1.3043e-01 -4.1095e-02  4.3268e-02 -1.0417e-01  1.1391e-01  7.0164e-02 -2.9036e-02  5.8227e-02  8.6295e-03 
-1.6552e-01 -2.0499e-02  7.5566e-02 -5.8494e-02 -2.7628e-01  7.8191e-01  1.5234e-01 -6.4337e-02 -4.1520e-03 -7.1523e-02  6.6501e-02  5.5950e-02 -2.3122e-02  4.6413e-02  6.8074e-03 
 8.6695e-02 -1.6753e-02 -9.1173e-02  2.3892e-01  1.3043e-01  1.5234e-01  8.3882e-01  8.0315e-02  4.5384e-02  3.8081e-02 -2.0480e-02 -3.9706e-02  1.6373e-02 -3.2919e-02 -4.7499e-03 
-3.0147e-02  1.4022e-02  4.7088e-02 -1.4519e-01 -4.1095e-02 -6.4337e-02  8.0315e-02  9.5817e-01 -2.8666e-02 -1.3427e-02  2.8427e-03  1.6908e-02 -6.9649e-03  1.4014e-02  2.0049e-03 
 1.9286e-02  2.3712e-02  3.1218e-02 -1.5475e-01  4.3268e-02 -4.1520e-03  4.5384e-02 -2.8666e-02  9.6697e-01  7.8527e-03 -1.8880e-02  1.5496e-03 -6.1320e-04  1.2710e-03  1.2565e-04 
-6.0557e-02 -1.3462e-02  1.6456e-02  2.3774e-02 -1.0417e-01 -7.1523e-02  3.8081e-02 -1.3427e-02  7.8527e-03  9.7397e-01  2.7442e-02  1.8213e-02 -7.5343e-03  1.5113e-02  2.2336e-03 
 6.4188e-02  2.0985e-02 -4.8375e-03 -7.6083e-02  1.1391e-01  6.6501e-02 -2.0480e-02  2.8427e-03 -1.8880e-02  2.7442e-02  9.6741e-01 -1.6764e-02  6.9445e-03 -1.3916e-02 -2.0781e-03 
 4.2134e-02  4.9046e-03 -1.9824e-02  1.7265e-02  7.0164e-02  5.5950e-02 -3.9706e-02  1.6908e-02  1.5496e-03  1.8213e-02 -1.6764e-02  9.8564e-01  5.9342e-03 -1.1913e-02 -1.7463e-03 
-1.7431e-02 -2.0468e-03  8.1676e-03 -7.0080e-03 -2.9036e-02 -2.3122e-02  1.6373e-02 -6.9649e-03 -6.1320e-04 -7.5343e-03  6.9445e-03  5.9342e-03  9.9755e-01  4.9227e-03  7.2168e-04 
 3.4963e-02  4.0793e-03 -1.6432e-02  1.4254e-02  5.8227e-02  4.6413e-02 -3.2919e-02  1.4014e-02  1.2710e-03  1.5113e-02 -1.3916e-02 -1.1913e-02  4.9227e-03  9.9012e-01 -1.4487e-03 
 5.1693e-03  6.4275e-04 -2.3551e-03  1.8074e-03  8.6295e-03  6.8074e-03 -4.7499e-03  2.0049e-03  1.2565e-04  2.2336e-03 -2.0781e-03 -1.7463e-03  7.2168e-04 -1.4487e-03  9.9979e-01 

newton step dx = -B*grad
 1.6065e-01
 1.4015e+00
-5.3484e-01
 2.2645e-01
-9.3843e-01
 1.1753e+00
 5.9893e-01
 3.2165e-01
-7.5045e-01
 3.2205e-01
-6.4352e-01
-4.2461e-02
 2.0204e-02
-3.7271e-02
-8.2133e-03

****** Starting line search ******
xnew = x0 + 1.0000e+00*dx = 
-1.0159e+00
 2.6904e+00
 4.6000e-01
 1.3927e-01
-4.9311e-01
 2.1424e+00
 1.9492e+00
 1.2959e+00
 6.7000e-02
 2.3009e+00
 2.9630e-01
 1.0229e+00
 2.9938e+00
 1.0165e+00
 9.9905e-01

ynew           =  1.3264e+01
y0 + 0.01*dxtG =  1.8496e+00

xnew = x0 + 5.0000e-01*dx = 
-1.0962e+00
 1.9897e+00
 7.2742e-01
 2.6045e-02
-2.3895e-02
 1.5548e+00
 1.6497e+00
 1.1351e+00
 4.4222e-01
 2.1399e+00
 6.1806e-01
 1.0441e+00
 2.9837e+00
 1.0351e+00
 1.0032e+00

ynew           =  5.1163e+00
y0 + 0.01*dxtG =  1.8839e+00

xnew = x0 + 2.5000e-01*dx = 
-1.1364e+00
 1.6393e+00
 8.6113e-01
-3.0568e-02
 2.1071e-01
 1.2610e+00
 1.5000e+00
 1.0547e+00
 6.2984e-01
 2.0594e+00
 7.7894e-01
 1.0547e+00
 2.9786e+00
 1.0444e+00
 1.0052e+00

ynew           =  2.5674e+00
y0 + 0.01*dxtG =  1.9011e+00

xnew = x0 + 1.2500e-01*dx = 
-1.1564e+00
 1.4641e+00
 9.2799e-01
-5.8874e-02
 3.2802e-01
 1.1141e+00
 1.4251e+00
 1.0145e+00
 7.2364e-01
 2.0191e+00
 8.5938e-01
 1.0600e+00
 2.9761e+00
 1.0491e+00
 1.0062e+00

ynew           =  1.6081e+00
y0 + 0.01*dxtG =  1.9097e+00

Armijo condition satified!
******   Line search done   ******

ut*y = -2.4927e+01
I have updated B!

=========== Iteration 4 ===========
x0 = 
-1.1564e+00
 1.4641e+00
 9.2799e-01
-5.8874e-02
 3.2802e-01
 1.1141e+00
 1.4251e+00
 1.0145e+00
 7.2364e-01
 2.0191e+00
 8.5938e-01
 1.0600e+00
 2.9761e+00
 1.0491e+00
 1.0062e+00

y0 =  1.6081e+00
grad =
-1.2279e+00
-7.8109e-01
 1.3553e+00
 3.2385e+00
-6.4922e+00
-1.8366e+00
 4.0562e-01
-7.8249e-01
-4.2758e-03
-1.1984e-01
 1.6409e-01
 6.9391e-02
-4.2660e-02
 7.8000e-02
 1.4482e-02

||grad|| =  7.7971e+00
inverse hessian B =
 7.8934e-01 -9.8122e-02 -2.1314e-03  3.6786e-02 -8.2234e-02 -2.5326e-01  7.5188e-02 -7.5950e-03  9.3246e-02 -1.2352e-01  1.5044e-01  7.3295e-02 -2.9726e-02  5.9845e-02  8.8614e-03 
-9.8122e-02  9.1771e-01 -5.1859e-02  8.4659e-02  9.0737e-02 -1.0370e-01 -2.7665e-02  3.5408e-02  9.3849e-02 -7.3167e-02  1.0278e-01  3.4455e-02 -1.3706e-02  2.7675e-02  4.1440e-03 
-2.1314e-03 -5.1859e-02  9.2487e-01  1.4594e-01  1.4208e-01  2.6256e-02 -9.7641e-02  5.9764e-02  7.2787e-02 -1.8931e-02  4.3642e-02 -2.3094e-03  1.2572e-03 -2.4467e-03 -2.7995e-04 
 3.6786e-02  8.4659e-02  1.4594e-01  2.6019e-01  2.0601e-01 -8.7947e-02  2.3506e-01 -1.3762e-01 -1.2992e-01  2.6378e-03 -4.7127e-02  2.7726e-02 -1.1136e-02  2.2607e-02  3.0469e-03 
-8.2234e-02  9.0737e-02  1.4208e-01  2.0601e-01  2.0930e-01 -7.4442e-02  1.5690e-01 -9.2978e-02 -1.2689e-01  4.0673e-02 -8.4531e-02 -1.5264e-03 -7.4956e-04  9.8230e-04  1.3530e-04 
-2.5326e-01 -1.0370e-01  2.6256e-02 -8.7947e-02 -7.4442e-02  6.7157e-01  1.3787e-01 -3.5975e-02  8.8861e-02 -1.5070e-01  1.7498e-01  9.5139e-02 -3.8584e-02  7.7705e-02  1.1451e-02 
 7.5188e-02 -2.7665e-02 -9.7641e-02  2.3506e-01  1.5690e-01  1.3787e-01  8.3693e-01  8.4035e-02  5.7584e-02  2.7695e-02 -6.2522e-03 -3.4565e-02  1.4345e-02 -2.8815e-02 -4.1409e-03 
-7.5950e-03  3.5408e-02  5.9764e-02 -1.3762e-01 -9.2978e-02 -3.5975e-02  8.4035e-02  9.5088e-01 -5.2575e-02  6.9267e-03 -2.5041e-02  6.8349e-03 -2.9902e-03  5.9708e-03  8.1132e-04 
 9.3246e-02  9.3849e-02  7.2787e-02 -1.2992e-01 -1.2689e-01  8.8861e-02  5.7584e-02 -5.2575e-02  8.8855e-01  7.4603e-02 -1.1033e-01 -3.1487e-02  1.2422e-02 -2.5109e-02 -3.7887e-03 
-1.2352e-01 -7.3167e-02 -1.8931e-02  2.6378e-03  4.0673e-02 -1.5070e-01  2.7695e-02  6.9267e-03  7.4603e-02  9.1715e-01  1.0529e-01  4.6337e-02 -1.8631e-02  3.7569e-02  5.5658e-03 
 1.5044e-01  1.0278e-01  4.3642e-02 -4.7127e-02 -8.4531e-02  1.7498e-01 -6.2522e-03 -2.5041e-02 -1.1033e-01  1.0529e-01  8.6076e-01 -5.5293e-02  2.2146e-02 -4.4680e-02 -6.6432e-03 
 7.3295e-02  3.4455e-02 -2.3094e-03  2.7726e-02 -1.5264e-03  9.5139e-02 -3.4565e-02  6.8349e-03 -3.1487e-02  4.6337e-02 -5.5293e-02  9.7172e-01  1.1426e-02 -2.3027e-02 -3.3955e-03 
-2.9726e-02 -1.3706e-02  1.2572e-03 -1.1136e-02 -7.4956e-04 -3.8584e-02  1.4345e-02 -2.9902e-03  1.2422e-02 -1.8631e-02  2.2146e-02  1.1426e-02  9.9538e-01  9.3080e-03  1.3724e-03 
 5.9845e-02  2.7675e-02 -2.4467e-03  2.2607e-02  9.8230e-04  7.7705e-02 -2.8815e-02  5.9708e-03 -2.5109e-02  3.7569e-02 -4.4680e-02 -2.3027e-02  9.3080e-03  9.8124e-01 -2.7656e-03 
 8.8614e-03  4.1440e-03 -2.7995e-04  3.0469e-03  1.3530e-04  1.1451e-02 -4.1409e-03  8.1132e-04 -3.7887e-03  5.5658e-03 -6.6432e-03 -3.3955e-03  1.3724e-03 -2.7656e-03  9.9959e-01 

newton step dx = -B*grad
-3.0939e-01
 7.9958e-01
-7.2089e-01
 4.7089e-02
 2.1408e-01
 4.6249e-01
 4.4984e-01
 4.2690e-01
-1.7960e-01
-1.2431e-01
-6.7362e-03
 1.6384e-01
-6.1625e-02
 1.2788e-01
 1.6628e-02

****** Starting line search ******
xnew = x0 + 1.0000e+00*dx = 
-1.4658e+00
 2.2637e+00
 2.0710e-01
-1.1785e-02
 5.4209e-01
 1.5766e+00
 1.8750e+00
 1.4414e+00
 5.4405e-01
 1.8948e+00
 8.5265e-01
 1.2239e+00
 2.9145e+00
 1.1770e+00
 1.0229e+00

ynew           =  2.0384e+00
y0 + 0.01*dxtG =  1.5739e+00

xnew = x0 + 5.0000e-01*dx = 
-1.3111e+00
 1.8639e+00
 5.6754e-01
-3.5330e-02
 4.3505e-01
 1.3453e+00
 1.6500e+00
 1.2280e+00
 6.3385e-01
 1.9570e+00
 8.5602e-01
 1.1420e+00
 2.9453e+00
 1.1130e+00
 1.0145e+00

ynew           =  8.9795e-01
y0 + 0.01*dxtG =  1.5910e+00

Armijo condition satified!
******   Line search done   ******

ut*y = -2.1731e+01
I have updated B!

=========== Iteration 5 ===========
x0 = 
-1.3111e+00
 1.8639e+00
 5.6754e-01
-3.5330e-02
 4.3505e-01
 1.3453e+00
 1.6500e+00
 1.2280e+00
 6.3385e-01
 1.9570e+00
 8.5602e-01
 1.1420e+00
 2.9453e+00
 1.1130e+00
 1.0145e+00

y0 =  8.9795e-01
grad =
 1.0863e-01
-2.1422e-02
-2.3633e-01
 6.8019e+00
 2.0967e+00
-8.4572e-01
-8.8885e-02
 1.9500e-01
 1.2937e-01
 3.0674e-02
-8.0840e-02
 5.5751e-02
-4.7138e-02
 6.7970e-02
 2.2260e-02

||grad|| =  7.1782e+00
inverse hessian B =
 7.8704e-01 -1.1098e-01 -9.4846e-03  1.4069e-02 -1.0202e-01 -2.4158e-01  5.4488e-02 -1.0806e-04  1.0575e-01 -1.2553e-01  1.5802e-01  7.0697e-02 -2.8421e-02  5.7474e-02  8.4181e-03 
-1.1098e-01  8.4569e-01 -9.3048e-02 -4.2589e-02 -2.0098e-02 -3.8277e-02 -1.4361e-01  7.7346e-02  1.6392e-01 -8.4419e-02  1.4524e-01  1.9900e-02 -6.3972e-03  1.4394e-02  1.6611e-03 
-9.4846e-03 -9.3048e-02  9.0131e-01  7.3159e-02  7.8695e-02  6.3671e-02 -1.6395e-01  8.3749e-02  1.1286e-01 -2.5366e-02  6.7926e-02 -1.0634e-02  5.4374e-03 -1.0042e-02 -1.7000e-03 
 1.4069e-02 -4.2589e-02  7.3159e-02  3.5359e-02  1.0181e-02  2.7642e-02  3.0189e-02 -6.3516e-02 -6.1192e-03 -1.7242e-02  2.7897e-02  2.0086e-03  1.7785e-03 -8.5785e-04 -1.3402e-03 
-1.0202e-01 -2.0098e-02  7.8695e-02  1.0181e-02  3.8731e-02  2.6238e-02 -2.1542e-02 -2.8437e-02 -1.9054e-02  2.3358e-02 -1.9185e-02 -2.3927e-02  1.0499e-02 -1.9456e-02 -3.6859e-03 
-2.4158e-01 -3.8277e-02  6.3671e-02  2.7642e-02  2.6238e-02  6.1215e-01  2.4319e-01 -7.4071e-02  2.5213e-02 -1.4048e-01  1.3641e-01  1.0836e-01 -4.5223e-02  8.9769e-02  1.3706e-02 
 5.4488e-02 -1.4361e-01 -1.6395e-01  3.0189e-02 -2.1542e-02  2.4319e-01  6.5025e-01  1.5156e-01  1.7039e-01  9.5803e-03  6.2109e-02 -5.7999e-02  2.6113e-02 -5.0196e-02 -8.1384e-03 
-1.0806e-04  7.7346e-02  8.3749e-02 -6.3516e-02 -2.8437e-02 -7.4071e-02  1.5156e-01  9.2646e-01 -9.3378e-02  1.3479e-02 -4.9767e-02  1.5311e-02 -7.2464e-03  1.3704e-02  2.2572e-03 
 1.0575e-01  1.6392e-01  1.1286e-01 -6.1192e-03 -1.9054e-02  2.5213e-02  1.7039e-01 -9.3378e-02  8.2038e-01  8.5549e-02 -1.5164e-01 -1.7326e-02  5.3108e-03 -1.2188e-02 -1.3730e-03 
-1.2553e-01 -8.4419e-02 -2.5366e-02 -1.7242e-02  2.3358e-02 -1.4048e-01  9.5803e-03  1.3479e-02  8.5549e-02  9.1539e-01  1.1192e-01  4.4063e-02 -1.7489e-02  3.5494e-02  5.1779e-03 
 1.5802e-01  1.4524e-01  6.7926e-02  2.7897e-02 -1.9185e-02  1.3641e-01  6.2109e-02 -4.9767e-02 -1.5164e-01  1.1192e-01  8.3573e-01 -4.6711e-02  1.7837e-02 -3.6850e-02 -5.1793e-03 
 7.0697e-02  1.9900e-02 -1.0634e-02  2.0086e-03 -2.3927e-02  1.0836e-01 -5.7999e-02  1.5311e-02 -1.7326e-02  4.4063e-02 -4.6711e-02  9.6878e-01  1.2903e-02 -2.5711e-02 -3.8974e-03 
-2.8421e-02 -6.3972e-03  5.4374e-03  1.7785e-03  1.0499e-02 -4.5223e-02  2.6113e-02 -7.2464e-03  5.3108e-03 -1.7489e-02  1.7837e-02  1.2903e-02  9.9464e-01  1.0656e-02  1.6244e-03 
 5.7474e-02  1.4394e-02 -1.0042e-02 -8.5785e-04 -1.9456e-02  8.9769e-02 -5.0196e-02  1.3704e-02 -1.2188e-02  3.5494e-02 -3.6850e-02 -2.5711e-02  1.0656e-02  9.7879e-01 -3.2234e-03 
 8.4181e-03  1.6611e-03 -1.7000e-03 -1.3402e-03 -3.6859e-03  1.3706e-02 -8.1384e-03  2.2572e-03 -1.3730e-03  5.1779e-03 -5.1793e-03 -3.8974e-03  1.6244e-03 -3.2234e-03  9.9951e-01 

newton step dx = -B*grad
-1.7778e-01
 2.7049e-01
-4.3440e-01
-2.0492e-01
-9.1959e-02
 3.4870e-01
 1.6741e-02
 2.8875e-01
 3.6006e-02
-8.2355e-02
 7.2868e-02
 5.5786e-02
-1.7690e-02
 4.0095e-02
 3.8559e-03

****** Starting line search ******
xnew = x0 + 1.0000e+00*dx = 
-1.4889e+00
 2.1344e+00
 1.3315e-01
-2.4025e-01
 3.4309e-01
 1.6940e+00
 1.6668e+00
 1.5167e+00
 6.6985e-01
 1.8746e+00
 9.2888e-01
 1.1978e+00
 2.9276e+00
 1.1531e+00
 1.0184e+00

ynew           =  3.3019e+00
y0 + 0.01*dxtG =  8.8048e-01

xnew = x0 + 5.0000e-01*dx = 
-1.4000e+00
 1.9992e+00
 3.5035e-01
-1.3779e-01
 3.8907e-01
 1.5197e+00
 1.6584e+00
 1.3723e+00
 6.5185e-01
 1.9158e+00
 8.9245e-01
 1.1699e+00
 2.9365e+00
 1.1331e+00
 1.0165e+00

ynew           =  9.2188e-01
y0 + 0.01*dxtG =  8.8922e-01

xnew = x0 + 2.5000e-01*dx = 
-1.3556e+00
 1.9315e+00
 4.5894e-01
-8.6560e-02
 4.1206e-01
 1.4325e+00
 1.6542e+00
 1.3001e+00
 6.4285e-01
 1.9364e+00
 8.7423e-01
 1.1559e+00
 2.9409e+00
 1.1231e+00
 1.0155e+00

ynew           =  6.6269e-01
y0 + 0.01*dxtG =  8.9358e-01

Armijo condition satified!
******   Line search done   ******

ut*y = -2.9311e+00
I have updated B!

=========== Iteration 6 ===========
x0 = 
-1.3556e+00
 1.9315e+00
 4.5894e-01
-8.6560e-02
 4.1206e-01
 1.4325e+00
 1.6542e+00
 1.3001e+00
 6.4285e-01
 1.9364e+00
 8.7423e-01
 1.1559e+00
 2.9409e+00
 1.1231e+00
 1.0155e+00

y0 =  6.6269e-01
grad =
 7.4362e-02
-1.1795e-01
-1.0467e+00
 1.5915e+00
 1.0545e+00
-9.8120e-01
-2.3468e-01
 4.0167e-01
 8.5455e-01
-7.1336e-01
 1.0210e+00
 3.3617e-01
-2.2483e-01
 4.1703e-01
 8.1008e-02

||grad|| =  2.9265e+00
inverse hessian B =
 7.0736e-01 -2.0471e-01  1.3480e-01  4.4002e-02 -6.8556e-02 -2.2703e-01  4.5360e-02 -4.4690e-02  6.6457e-02 -7.1436e-02  8.5104e-02  4.3478e-02 -3.5951e-03  1.2296e-02 -8.5522e-04 
-2.0471e-01  7.3545e-01  7.6667e-02 -7.3802e-03  1.9266e-02 -2.1169e-02 -1.5435e-01  2.4907e-02  1.1769e-01 -2.0796e-02  5.9471e-02 -1.2117e-02  2.2804e-02 -3.8746e-02 -9.2467e-03 
 1.3480e-01  7.6667e-02  6.4005e-01  1.8958e-02  1.8099e-02  3.7336e-02 -1.4743e-01  1.6448e-01  1.8402e-01 -1.2331e-01  1.9996e-01  3.8653e-02 -3.9515e-02  7.1763e-02  1.5092e-02 
 4.4002e-02 -7.3802e-03  1.8958e-02  2.4114e-02 -2.3900e-03  2.2179e-02  3.3618e-02 -4.6769e-02  8.6432e-03 -3.7561e-02  5.5289e-02  1.2234e-02 -7.5474e-03  1.6113e-02  2.1434e-03 
-6.8556e-02  1.9266e-02  1.8099e-02 -2.3900e-03  2.4677e-02  2.0130e-02 -1.7708e-02 -9.7132e-03 -2.5496e-03  6.4144e-04  1.1439e-02 -1.2495e-02  7.2522e-05 -4.8269e-04  2.0870e-04 
-2.2703e-01 -2.1169e-02  3.7336e-02  2.2179e-02  2.0130e-02  6.0949e-01  2.4486e-01 -6.5934e-02  3.2385e-02 -1.5035e-01  1.4971e-01  1.1333e-01 -4.9754e-02  9.8015e-02  1.5399e-02 
 4.5360e-02 -1.5435e-01 -1.4743e-01  3.3618e-02 -1.7708e-02  2.4486e-01  6.4920e-01  1.4645e-01  1.6589e-01  1.5777e-02  5.3756e-02 -6.1117e-02  2.8957e-02 -5.5372e-02 -9.2007e-03 
-4.4690e-02  2.4907e-02  1.6448e-01 -4.6769e-02 -9.7132e-03 -6.5934e-02  1.4645e-01  9.0152e-01 -1.1537e-01  4.3742e-02 -9.0564e-02  8.1668e-05  6.6435e-03 -1.1572e-02 -2.9312e-03 
 6.6457e-02  1.1769e-01  1.8402e-01  8.6432e-03 -2.5496e-03  3.2385e-02  1.6589e-01 -1.1537e-01  8.0100e-01  1.1223e-01 -1.8760e-01 -3.0750e-02  1.7554e-02 -3.4468e-02 -5.9464e-03 
-7.1436e-02 -2.0796e-02 -1.2331e-01 -3.7561e-02  6.4144e-04 -1.5035e-01  1.5777e-02  4.3742e-02  1.1223e-01  8.7867e-01  1.6142e-01  6.2539e-02 -3.4341e-02  6.6162e-02  1.1473e-02 
 8.5104e-02  5.9471e-02  1.9996e-01  5.5289e-02  1.1439e-02  1.4971e-01  5.3756e-02 -9.0564e-02 -1.8760e-01  1.6142e-01  7.6900e-01 -7.1620e-02  4.0555e-02 -7.8193e-02 -1.3665e-02 
 4.3478e-02 -1.2117e-02  3.8653e-02  1.2234e-02 -1.2495e-02  1.1333e-01 -6.1117e-02  8.1668e-05 -3.0750e-02  6.2539e-02 -7.1620e-02  9.5948e-01  2.1384e-02 -4.1144e-02 -7.0651e-03 
-3.5951e-03  2.2804e-02 -3.9515e-02 -7.5474e-03  7.2522e-05 -4.9754e-02  2.8957e-02  6.6435e-03  1.7554e-02 -3.4341e-02  4.0555e-02  2.1384e-02  9.8690e-01  2.4731e-02  4.5136e-03 
 1.2296e-02 -3.8746e-02  7.1763e-02  1.6113e-02 -4.8269e-04  9.8015e-02 -5.5372e-02 -1.1572e-02 -3.4468e-02  6.6162e-02 -7.8193e-02 -4.1144e-02  2.4731e-02  9.5318e-01 -8.4811e-03 
-8.5522e-04 -9.2467e-03  1.5092e-02  2.1434e-03  2.0870e-04  1.5399e-02 -9.2007e-03 -2.9312e-03 -5.9464e-03  1.1473e-02 -1.3665e-02 -7.0651e-03  4.5136e-03 -8.4811e-03  9.9843e-01 

newton step dx = -B*grad
-3.4268e-01
-4.3377e-02
 5.3270e-02
-7.5050e-02
 1.8951e-02
 2.9974e-01
-1.1426e-02
 9.9434e-02
-7.6240e-02
 8.0340e-02
-1.3692e-01
-2.9672e-02
 5.1956e-02
-8.8621e-02
-2.1471e-02

****** Starting line search ******
xnew = x0 + 1.0000e+00*dx = 
-1.6983e+00
 1.8882e+00
 5.1221e-01
-1.6161e-01
 4.3101e-01
 1.7322e+00
 1.6428e+00
 1.3996e+00
 5.6661e-01
 2.0167e+00
 7.3731e-01
 1.1262e+00
 2.9928e+00
 1.0344e+00
 9.9404e-01

ynew           =  6.6815e-01
y0 + 0.01*dxtG =  6.5520e-01

xnew = x0 + 5.0000e-01*dx = 
-1.5269e+00
 1.9099e+00
 4.8558e-01
-1.2409e-01
 4.2154e-01
 1.5824e+00
 1.6485e+00
 1.3499e+00
 6.0473e-01
 1.9766e+00
 8.0577e-01
 1.1411e+00
 2.9669e+00
 1.0788e+00
 1.0048e+00

ynew           =  4.8163e-01
y0 + 0.01*dxtG =  6.5895e-01

Armijo condition satified!
******   Line search done   ******

ut*y = -1.0400e+00
I have updated B!

=========== Iteration 7 ===========
x0 = 
-1.5269e+00
 1.9099e+00
 4.8558e-01
-1.2409e-01
 4.2154e-01
 1.5824e+00
 1.6485e+00
 1.3499e+00
 6.0473e-01
 1.9766e+00
 8.0577e-01
 1.1411e+00
 2.9669e+00
 1.0788e+00
 1.0048e+00

y0 =  4.8163e-01
grad =
 2.3560e-01
 4.6688e-02
-4.1701e-01
-2.7891e+00
 3.3770e+00
-4.7287e-01
-6.2451e-02
 1.8245e-01
 1.3230e-01
-6.4105e-02
 2.2353e-02
 6.4667e-02
-4.6247e-02
 7.4778e-02
 1.8419e-02

||grad|| =  4.4396e+00
inverse hessian B =
 6.1545e-01 -1.8817e-01  9.6618e-02  6.9375e-03 -4.9077e-02 -2.8503e-01 -1.7480e-02  2.5052e-02  4.1473e-02 -2.5494e-03 -2.3653e-02  1.3995e-02  1.1270e-02 -1.9796e-02 -5.2888e-03 
-1.8817e-01  7.3247e-01  8.3535e-02 -7.1287e-04  1.5762e-02 -1.0738e-02 -1.4305e-01  1.2361e-02  1.2219e-01 -3.3187e-02  7.9035e-02 -6.8137e-03  2.0130e-02 -3.2973e-02 -8.4492e-03 
 9.6618e-02  8.3535e-02  6.2419e-01  3.5602e-03  2.6191e-02  1.3244e-02 -1.7353e-01  1.9345e-01  1.7364e-01 -9.4690e-02  1.5478e-01  2.6405e-02 -3.3340e-02  5.8431e-02  1.3250e-02 
 6.9375e-03 -7.1287e-04  3.5602e-03  9.1663e-03  5.4654e-03 -1.2085e-03  8.2750e-03 -1.8643e-02 -1.4326e-03 -9.7801e-03  1.1428e-02  3.4357e-04 -1.5525e-03  3.1712e-03  3.5537e-04 
-4.9077e-02  1.5762e-02  2.6191e-02  5.4654e-03  2.0549e-02  3.2420e-02 -4.3905e-03 -2.4494e-02  2.7454e-03 -1.3958e-02  3.4489e-02 -6.2466e-03 -3.0779e-03  6.3186e-03  1.1483e-03 
-2.8503e-01 -1.0738e-02  1.3244e-02 -1.2085e-03  3.2420e-02  5.7290e-01  2.0521e-01 -2.1928e-02  1.6621e-02 -1.0689e-01  8.1090e-02  9.4725e-02 -4.0375e-02  7.7766e-02  1.2601e-02 
-1.7480e-02 -1.4305e-01 -1.7353e-01  8.2750e-03 -4.3905e-03  2.0521e-01  6.0624e-01  1.9413e-01  1.4881e-01  6.2877e-02 -2.0605e-02 -8.1276e-02  3.9120e-02 -7.7314e-02 -1.2232e-02 
 2.5052e-02  1.2361e-02  1.9345e-01 -1.8643e-02 -2.4494e-02 -2.1928e-02  1.9413e-01  8.4859e-01 -9.6406e-02 -8.5318e-03 -8.0357e-03  2.2454e-02 -4.6366e-03  1.2780e-02  4.3316e-04 
 4.1473e-02  1.2219e-01  1.7364e-01 -1.4326e-03  2.7454e-03  1.6621e-02  1.4881e-01 -9.6406e-02  7.9421e-01  1.3095e-01 -2.1716e-01 -3.8765e-02  2.1595e-02 -4.3192e-02 -7.1517e-03 
-2.5494e-03 -3.3187e-02 -9.4690e-02 -9.7801e-03 -1.3958e-02 -1.0689e-01  6.2877e-02 -8.5318e-03  1.3095e-01  8.2704e-01  2.4294e-01  8.4638e-02 -4.5483e-02  9.0215e-02  1.4796e-02 
-2.3653e-02  7.9035e-02  1.5478e-01  1.1428e-02  3.4489e-02  8.1090e-02 -2.0605e-02 -8.0357e-03 -2.1716e-01  2.4294e-01  6.4030e-01 -1.0651e-01  5.8146e-02 -1.1617e-01 -1.8912e-02 
 1.3995e-02 -6.8137e-03  2.6405e-02  3.4357e-04 -6.2466e-03  9.4725e-02 -8.1276e-02  2.2454e-02 -3.8765e-02  8.4638e-02 -1.0651e-01  9.5002e-01  2.6152e-02 -5.1438e-02 -8.4874e-03 
 1.1270e-02  2.0130e-02 -3.3340e-02 -1.5525e-03 -3.0779e-03 -4.0375e-02  3.9120e-02 -4.6366e-03  2.1595e-02 -4.5483e-02  5.8146e-02  2.6152e-02  9.8450e-01  2.9922e-02  5.2307e-03 
-1.9796e-02 -3.2973e-02  5.8431e-02  3.1712e-03  6.3186e-03  7.7766e-02 -7.7314e-02  1.2780e-02 -4.3192e-02  9.0215e-02 -1.1617e-01 -5.1438e-02  2.9922e-02  9.4197e-01 -1.0029e-02 
-5.2888e-03 -8.4492e-03  1.3250e-02  3.5537e-04  1.1483e-03  1.2601e-02 -1.2232e-02  4.3316e-04 -7.1517e-03  1.4796e-02 -1.8912e-02 -8.4874e-03  5.2307e-03 -1.0029e-02  9.9821e-01 

newton step dx = -B*grad
-5.5210e-02
-4.2578e-02
 7.4880e-02
 9.3088e-03
-1.5137e-02
 2.2314e-01
 7.3689e-02
-3.8406e-02
-6.5508e-03
-4.6873e-02
 6.8961e-02
 2.2418e-02
 7.1950e-03
-3.7608e-03
-5.1335e-03

****** Starting line search ******
xnew = x0 + 1.0000e+00*dx = 
-1.5821e+00
 1.8673e+00
 5.6046e-01
-1.1478e-01
 4.0640e-01
 1.8055e+00
 1.7222e+00
 1.3115e+00
 5.9818e-01
 1.9297e+00
 8.7473e-01
 1.1635e+00
 2.9740e+00
 1.0750e+00
 9.9964e-01

ynew           =  3.2440e-01
y0 + 0.01*dxtG =  4.7927e-01

Armijo condition satified!
******   Line search done   ******

ut*y = -3.5474e-02
I have updated B!

=========== Iteration 8 ===========
x0 = 
-1.5821e+00
 1.8673e+00
 5.6046e-01
-1.1478e-01
 4.0640e-01
 1.8055e+00
 1.7222e+00
 1.3115e+00
 5.9818e-01
 1.9297e+00
 8.7473e-01
 1.1635e+00
 2.9740e+00
 1.0750e+00
 9.9964e-01

y0 =  3.2440e-01
grad =
 1.5200e-01
-2.6130e-02
-2.3911e-01
-2.6842e+00
 2.0185e+00
-2.0876e-01
 1.2890e-01
-5.8523e-02
 1.9608e-01
-2.8931e-01
 2.5021e-01
 2.2422e-01
-1.2464e-01
 2.2261e-01
 4.4065e-02

||grad|| =  3.4243e+00
inverse hessian B =
 6.1031e-01 -1.8462e-01  9.8923e-02  8.6666e-03 -5.6854e-02 -2.9615e-01 -1.7642e-02  5.2548e-02  2.8323e-02  1.8517e-02 -1.0963e-02 -2.0316e-02  3.3036e-02 -5.4652e-02 -1.3730e-02 
-1.8462e-01  7.3002e-01  8.1944e-02 -1.9059e-03  2.1128e-02 -3.0598e-03 -1.4294e-01 -6.6118e-03  1.3126e-01 -4.7723e-02  7.0278e-02  1.6861e-02  5.1115e-03 -8.9218e-03 -2.6248e-03 
 9.8923e-02  8.1944e-02  6.2316e-01  2.7856e-03  2.9674e-02  1.8229e-02 -1.7346e-01  1.8113e-01  1.7953e-01 -1.0413e-01  1.4909e-01  4.1776e-02 -4.3091e-02  7.4046e-02  1.7031e-02 
 8.6666e-03 -1.9059e-03  2.7856e-03  8.5852e-03  8.0787e-03  2.5310e-03  8.3294e-03 -2.7883e-02  2.9863e-03 -1.6860e-02  7.1632e-03  1.1874e-02 -8.8671e-03  1.4885e-02  3.1920e-03 
-5.6854e-02  2.1128e-02  2.9674e-02  8.0787e-03  8.7955e-03  1.5602e-02 -4.6352e-03  1.7065e-02 -1.7128e-02  1.7882e-02  5.3670e-02 -5.8104e-02  2.9819e-02 -4.6364e-02 -1.1609e-02 
-2.9615e-01 -3.0598e-03  1.8229e-02  2.5310e-03  1.5602e-02  5.4884e-01  2.0486e-01  3.7540e-02 -1.1817e-02 -6.1328e-02  1.0854e-01  2.0521e-02  6.6983e-03  2.3811e-03 -5.6542e-03 
-1.7642e-02 -1.4294e-01 -1.7346e-01  8.3294e-03 -4.6352e-03  2.0486e-01  6.0623e-01  1.9500e-01  1.4840e-01  6.3539e-02 -2.0206e-02 -8.2355e-02  3.9805e-02 -7.8411e-02 -1.2498e-02 
 5.2548e-02 -6.6118e-03  1.8113e-01 -2.7883e-02  1.7065e-02  3.7540e-02  1.9500e-01  7.0164e-01 -2.6133e-02 -1.2112e-01 -7.5859e-02  2.0582e-01 -1.2096e-01  1.9906e-01  4.5544e-02 
 2.8323e-02  1.3126e-01  1.7953e-01  2.9863e-03 -1.7128e-02 -1.1817e-02  1.4840e-01 -2.6133e-02  7.6060e-01  1.8479e-01 -1.8473e-01 -1.2645e-01  7.7222e-02 -1.3227e-01 -2.8724e-02 
 1.8517e-02 -4.7723e-02 -1.0413e-01 -1.6860e-02  1.7882e-02 -6.1328e-02  6.3539e-02 -1.2112e-01  1.8479e-01  7.4078e-01  1.9097e-01  2.2512e-01 -1.3460e-01  2.3293e-01  4.9357e-02 
-1.0963e-02  7.0278e-02  1.4909e-01  7.1632e-03  5.3670e-02  1.0854e-01 -2.0206e-02 -7.5859e-02 -1.8473e-01  1.9097e-01  6.0900e-01 -2.1878e-02  4.4584e-03 -3.0192e-02  1.9085e-03 
-2.0316e-02  1.6861e-02  4.1776e-02  1.1874e-02 -5.8104e-02  2.0521e-02 -8.2355e-02  2.0582e-01 -1.2645e-01  2.2512e-01 -2.1878e-02  7.2122e-01  1.7130e-01 -2.8388e-01 -6.4777e-02 
 3.3036e-02  5.1115e-03 -4.3091e-02 -8.8671e-03  2.9819e-02  6.6983e-03  3.9805e-02 -1.2096e-01  7.7222e-02 -1.3460e-01  4.4584e-03  1.7130e-01  8.9242e-01  1.7738e-01  4.0939e-02 
-5.4652e-02 -8.9218e-03  7.4046e-02  1.4885e-02 -4.6364e-02  2.3811e-03 -7.8411e-02  1.9906e-01 -1.3227e-01  2.3293e-01 -3.0192e-02 -2.8388e-01  1.7738e-01  7.0583e-01 -6.7215e-02 
-1.3730e-02 -2.6248e-03  1.7031e-02  3.1920e-03 -1.1609e-02 -5.6542e-03 -1.2498e-02  4.5544e-02 -2.8724e-02  4.9357e-02  1.9085e-03 -6.4777e-02  4.0939e-02 -6.7215e-02  9.8437e-01 

newton step dx = -B*grad
 3.1596e-02
-2.1801e-02
-1.4155e-02
-1.0618e-02
 4.7754e-02
 6.8333e-02
 9.9414e-04
-1.6886e-01
 8.0749e-02
-1.2937e-01
-7.7934e-02
 2.1070e-01
-1.3366e-01
 2.1405e-01
 5.1836e-02

****** Starting line search ******
xnew = x0 + 1.0000e+00*dx = 
-1.5505e+00
 1.8455e+00
 5.4631e-01
-1.2539e-01
 4.5416e-01
 1.8738e+00
 1.7232e+00
 1.1426e+00
 6.7893e-01
 1.8003e+00
 7.9680e-01
 1.3742e+00
 2.8404e+00
 1.2890e+00
 1.0515e+00

ynew           =  8.9959e-01
y0 + 0.01*dxtG =  3.2717e-01

xnew = x0 + 5.0000e-01*dx = 
-1.5663e+00
 1.8564e+00
 5.5338e-01
-1.2009e-01
 4.3028e-01
 1.8397e+00
 1.7227e+00
 1.2270e+00
 6.3855e-01
 1.8650e+00
 8.3577e-01
 1.2688e+00
 2.9072e+00
 1.1820e+00
 1.0256e+00

ynew           =  5.3480e-01
y0 + 0.01*dxtG =  3.2578e-01

xnew = x0 + 2.5000e-01*dx = 
-1.5742e+00
 1.8618e+00
 5.5692e-01
-1.1743e-01
 4.1834e-01
 1.8226e+00
 1.7224e+00
 1.2692e+00
 6.1836e-01
 1.8973e+00
 8.5525e-01
 1.2162e+00
 2.9406e+00
 1.1285e+00
 1.0126e+00

ynew           =  4.1113e-01
y0 + 0.01*dxtG =  3.2509e-01

xnew = x0 + 1.2500e-01*dx = 
-1.5782e+00
 1.8646e+00
 5.5869e-01
-1.1610e-01
 4.1237e-01
 1.8140e+00
 1.7223e+00
 1.2903e+00
 6.0827e-01
 1.9135e+00
 8.6499e-01
 1.1898e+00
 2.9573e+00
 1.1018e+00
 1.0061e+00

ynew           =  3.6333e-01
y0 + 0.01*dxtG =  3.2475e-01

xnew = x0 + 6.2500e-02*dx = 
-1.5802e+00
 1.8659e+00
 5.5958e-01
-1.1544e-01
 4.0939e-01
 1.8098e+00
 1.7223e+00
 1.3009e+00
 6.0322e-01
 1.9216e+00
 8.6986e-01
 1.1767e+00
 2.9657e+00
 1.0884e+00
 1.0029e+00

ynew           =  3.4278e-01
y0 + 0.01*dxtG =  3.2457e-01

xnew = x0 + 3.1250e-02*dx = 
-1.5811e+00
 1.8666e+00
 5.6002e-01
-1.1511e-01
 4.0789e-01
 1.8076e+00
 1.7222e+00
 1.3062e+00
 6.0070e-01
 1.9256e+00
 8.7230e-01
 1.1701e+00
 2.9699e+00
 1.0817e+00
 1.0013e+00

ynew           =  3.3332e-01
y0 + 0.01*dxtG =  3.2449e-01

xnew = x0 + 1.5625e-02*dx = 
-1.5816e+00
 1.8669e+00
 5.6024e-01
-1.1494e-01
 4.0715e-01
 1.8066e+00
 1.7222e+00
 1.3088e+00
 5.9944e-01
 1.9277e+00
 8.7352e-01
 1.1668e+00
 2.9720e+00
 1.0783e+00
 1.0005e+00

ynew           =  3.2879e-01
y0 + 0.01*dxtG =  3.2444e-01

xnew = x0 + 7.8125e-03*dx = 
-1.5819e+00
 1.8671e+00
 5.6035e-01
-1.1486e-01
 4.0678e-01
 1.8060e+00
 1.7222e+00
 1.3101e+00
 5.9881e-01
 1.9287e+00
 8.7412e-01
 1.1651e+00
 2.9730e+00
 1.0767e+00
 1.0000e+00

ynew           =  3.2658e-01
y0 + 0.01*dxtG =  3.2442e-01

xnew = x0 + 3.9062e-03*dx = 
-1.5820e+00
 1.8672e+00
 5.6040e-01
-1.1482e-01
 4.0659e-01
 1.8058e+00
 1.7222e+00
 1.3108e+00
 5.9849e-01
 1.9292e+00
 8.7443e-01
 1.1643e+00
 2.9735e+00
 1.0758e+00
 9.9984e-01

ynew           =  3.2549e-01
y0 + 0.01*dxtG =  3.2441e-01

xnew = x0 + 1.9531e-03*dx = 
-1.5821e+00
 1.8672e+00
 5.6043e-01
-1.1480e-01
 4.0650e-01
 1.8056e+00
 1.7222e+00
 1.3111e+00
 5.9833e-01
 1.9294e+00
 8.7458e-01
 1.1639e+00
 2.9738e+00
 1.0754e+00
 9.9974e-01

ynew           =  3.2494e-01
y0 + 0.01*dxtG =  3.2440e-01

xnew = x0 + 9.7656e-04*dx = 
-1.5821e+00
 1.8673e+00
 5.6045e-01
-1.1479e-01
 4.0645e-01
 1.8056e+00
 1.7222e+00
 1.3113e+00
 5.9825e-01
 1.9296e+00
 8.7466e-01
 1.1637e+00
 2.9739e+00
 1.0752e+00
 9.9969e-01

ynew           =  3.2467e-01
y0 + 0.01*dxtG =  3.2440e-01

xnew = x0 + 4.8828e-04*dx = 
-1.5821e+00
 1.8673e+00
 5.6045e-01
-1.1478e-01
 4.0643e-01
 1.8055e+00
 1.7222e+00
 1.3114e+00
 5.9822e-01
 1.9296e+00
 8.7469e-01
 1.1636e+00
 2.9740e+00
 1.0751e+00
 9.9967e-01

ynew           =  3.2453e-01
y0 + 0.01*dxtG =  3.2440e-01

xnew = x0 + 2.4414e-04*dx = 
-1.5821e+00
 1.8673e+00
 5.6046e-01
-1.1478e-01
 4.0641e-01
 1.8055e+00
 1.7222e+00
 1.3114e+00
 5.9820e-01
 1.9297e+00
 8.7471e-01
 1.1635e+00
 2.9740e+00
 1.0750e+00
 9.9965e-01

ynew           =  3.2447e-01
y0 + 0.01*dxtG =  3.2440e-01

xnew = x0 + 1.2207e-04*dx = 
-1.5821e+00
 1.8673e+00
 5.6046e-01
-1.1478e-01
 4.0641e-01
 1.8055e+00
 1.7222e+00
 1.3114e+00
 5.9819e-01
 1.9297e+00
 8.7472e-01
 1.1635e+00
 2.9740e+00
 1.0750e+00
 9.9965e-01

ynew           =  3.2443e-01
y0 + 0.01*dxtG =  3.2440e-01

xnew = x0 + 6.1035e-05*dx = 
-1.5821e+00
 1.8673e+00
 5.6046e-01
-1.1478e-01
 4.0640e-01
 1.8055e+00
 1.7222e+00
 1.3114e+00
 5.9818e-01
 1.9297e+00
 8.7473e-01
 1.1635e+00
 2.9740e+00
 1.0750e+00
 9.9965e-01

ynew           =  3.2442e-01
y0 + 0.01*dxtG =  3.2440e-01

xnew = x0 + 3.0518e-05*dx = 
-1.5821e+00
 1.8673e+00
 5.6046e-01
-1.1478e-01
 4.0640e-01
 1.8055e+00
 1.7222e+00
 1.3114e+00
 5.9818e-01
 1.9297e+00
 8.7473e-01
 1.1635e+00
 2.9740e+00
 1.0750e+00
 9.9964e-01

ynew           =  3.2441e-01
y0 + 0.01*dxtG =  3.2440e-01

xnew = x0 + 1.5259e-05*dx = 
-1.5821e+00
 1.8673e+00
 5.6046e-01
-1.1478e-01
 4.0640e-01
 1.8055e+00
 1.7222e+00
 1.3115e+00
 5.9818e-01
 1.9297e+00
 8.7473e-01
 1.1635e+00
 2.9740e+00
 1.0750e+00
 9.9964e-01

ynew           =  3.2440e-01
y0 + 0.01*dxtG =  3.2440e-01

xnew = x0 + 7.6294e-06*dx = 
-1.5821e+00
 1.8673e+00
 5.6046e-01
-1.1478e-01
 4.0640e-01
 1.8055e+00
 1.7222e+00
 1.3115e+00
 5.9818e-01
 1.9297e+00
 8.7473e-01
 1.1635e+00
 2.9740e+00
 1.0750e+00
 9.9964e-01

ynew           =  3.2440e-01
y0 + 0.01*dxtG =  3.2440e-01

xnew = x0 + 3.8147e-06*dx = 
-1.5821e+00
 1.8673e+00
 5.6046e-01
-1.1478e-01
 4.0640e-01
 1.8055e+00
 1.7222e+00
 1.3115e+00
 5.9818e-01
 1.9297e+00
 8.7473e-01
 1.1635e+00
 2.9740e+00
 1.0750e+00
 9.9964e-01

ynew           =  3.2440e-01
y0 + 0.01*dxtG =  3.2440e-01

xnew = x0 + 1.9073e-06*dx = 
-1.5821e+00
 1.8673e+00
 5.6046e-01
-1.1478e-01
 4.0640e-01
 1.8055e+00
 1.7222e+00
 1.3115e+00
 5.9818e-01
 1.9297e+00
 8.7473e-01
 1.1635e+00
 2.9740e+00
 1.0750e+00
 9.9964e-01

ynew           =  3.2440e-01
y0 + 0.01*dxtG =  3.2440e-01

xnew = x0 + 9.5367e-07*dx = 
-1.5821e+00
 1.8673e+00
 5.6046e-01
-1.1478e-01
 4.0640e-01
 1.8055e+00
 1.7222e+00
 1.3115e+00
 5.9818e-01
 1.9297e+00
 8.7473e-01
 1.1635e+00
 2.9740e+00
 1.0750e+00
 9.9964e-01

ynew           =  3.2440e-01
y0 + 0.01*dxtG =  3.2440e-01

xnew = x0 + 4.7684e-07*dx = 
-1.5821e+00
 1.8673e+00
 5.6046e-01
-1.1478e-01
 4.0640e-01
 1.8055e+00
 1.7222e+00
 1.3115e+00
 5.9818e-01
 1.9297e+00
 8.7473e-01
 1.1635e+00
 2.9740e+00
 1.0750e+00
 9.9964e-01

ynew           =  3.2440e-01
y0 + 0.01*dxtG =  3.2440e-01

xnew = x0 + 2.3842e-07*dx = 
-1.5821e+00
 1.8673e+00
 5.6046e-01
-1.1478e-01
 4.0640e-01
 1.8055e+00
 1.7222e+00
 1.3115e+00
 5.9818e-01
 1.9297e+00
 8.7473e-01
 1.1635e+00
 2.9740e+00
 1.0750e+00
 9.9964e-01

ynew           =  3.2440e-01
y0 + 0.01*dxtG =  3.2440e-01

xnew = x0 + 1.1921e-07*dx = 
